image: map5.pgm
resolution: 0.500000
origin: [-67.000000, -80.500000, 0]
negate: 0
occupied_thresh: 0.65
free_thresh: 0.196

